-- xDeilityHub Test

_G.Scripts_Mode = "Normal"
repeat wait() until game:IsLoaded()

-- wl_setting

spawn(function()
    while wait(10) do
        pcall(function()
            for i,v in pairs(game:GetService("CoreGui"):GetDescendants()) do
                if v.Name == "ScriptEditor" then
                    game.Players.LocalPlayer:Kick("\nDark Dex ;-;\nDon't Open")
                end
            end
        end)
    end
end)

local vu = game:GetService("VirtualUser")
game:GetService("Players").LocalPlayer.Idled:connect(function()
   vu:Button2Down(Vector2.new(0,0),workspace.CurrentCamera.CFrame)
   wait(1)
   vu:Button2Up(Vector2.new(0,0),workspace.CurrentCamera.CFrame)
end)

 game:GetService("StarterGui"):SetCore("SendNotification", {
    Title = "xDeility Script",
    Text = "Loading.."
  })

local Config = {
    WindowName = "xDeility Hub | Blox Fruit",
    Color = Color3.fromRGB(205,0,255),
    Keybind = Enum.KeyCode.RightControl
}

local Library = loadstring(game:HttpGet("https://raw.githubusercontent.com/AlexR32/Roblox/main/BracketV3.lua"))()
local Window = Library:CreateWindow(Config, game:GetService("CoreGui"))

-- Source

local placeId = game.PlaceId
if placeId == 2753915549 then
    OldWorld = true
elseif placeId == 4442272183 then
    NewWorld = true
elseif placeId == 7449423635 then
    ThreeWorld = true
end

function HopServer()
    local PlaceID = game.PlaceId
    local AllIDs = {}
    local foundAnything = ""
    local actualHour = os.date("!*t").hour
    local Deleted = false
     --[[
     local File = pcall(function()
        AllIDs = game:GetService('HttpService'):JSONDecode(readfile("NotSameServers.json"))
     end)
     if not File then
        table.insert(AllIDs, actualHour)
        writefile("NotSameServers.json", game:GetService('HttpService'):JSONEncode(AllIDs))
     end
     ]]
    function TPReturner()
        local Site;
        if foundAnything == "" then
            Site = game.HttpService:JSONDecode(game:HttpGet('https://games.roblox.com/v1/games/' .. PlaceID .. '/servers/Public?sortOrder=Asc&limit=100'))
        else
            Site = game.HttpService:JSONDecode(game:HttpGet('https://games.roblox.com/v1/games/' .. PlaceID .. '/servers/Public?sortOrder=Asc&limit=100&cursor=' .. foundAnything))
        end
        local ID = ""
        if Site.nextPageCursor and Site.nextPageCursor ~= "null" and Site.nextPageCursor ~= nil then
            foundAnything = Site.nextPageCursor
        end
        local num = 0;
        for i,v in pairs(Site.data) do
            local Possible = true
            ID = tostring(v.id)
            if tonumber(v.maxPlayers) > tonumber(v.playing) then
                for _,Existing in pairs(AllIDs) do
                    if num ~= 0 then
                        if ID == tostring(Existing) then
                            Possible = false
                        end
                    else
                        if tonumber(actualHour) ~= tonumber(Existing) then
                            local delFile = pcall(function()
                                -- delfile("NotSameServers.json")
                                AllIDs = {}
                                table.insert(AllIDs, actualHour)
                            end)
                        end
                    end
                    num = num + 1
                end
                if Possible == true then
                    table.insert(AllIDs, ID)
                    wait()
                    pcall(function()
                        -- writefile("NotSameServers.json", game:GetService('HttpService'):JSONEncode(AllIDs))
                        wait()
                        game:GetService("TeleportService"):TeleportToPlaceInstance(PlaceID, ID, game.Players.LocalPlayer)
                    end)
                    wait(4)
                end
            end
        end
    end

    function Teleport()
        while wait() do
            pcall(function()
                TPReturner()
                if foundAnything ~= "" then
                    TPReturner()
                end
            end)
        end
    end

    Teleport()
    wait(1)
end

local Nonquest = false
function CheckQuest()
    local MyLevel = game.Players.LocalPlayer.Data.Level.Value
    if FastTween then
        if OldWorld then
            if MyLevel == 1 or MyLevel <= 9 then -- Bandit
                Nonquest = false
                Ms = "Bandit [Lv. 5]"
                NameQuest = "BanditQuest1"
                LevelQuest = 1
                NameMon = "Bandit"
                CFrameQuest = CFrame.new(1059.37195, 15.4495068, 1550.4231, 0.939700544, -0, -0.341998369, 0, 1, -0, 0.341998369, 0, 0.939700544)
                CFrameMon = CFrame.new(1353.44885, 3.40935516, 1376.92029, 0.776053488, -6.97791975e-08, 0.630666852, 6.99138596e-08, 1, 2.4612488e-08, -0.630666852, 2.49917598e-08, 0.776053488)
            elseif MyLevel == 10 or MyLevel <= 14 then -- Monkey
                Nonquest = false
                Ms = "Monkey [Lv. 14]"
                NameQuest = "JungleQuest"
                LevelQuest = 1
                NameMon = "Monkey"
                CFrameQuest = CFrame.new(-1598.08911, 35.5501175, 153.377838, 0, 0, 1, 0, 1, -0, -1, 0, 0)
                CFrameMon = CFrame.new(-1402.74609, 98.5633316, 90.6417007, 0.836947978, 0, 0.547282517, -0, 1, -0, -0.547282517, 0, 0.836947978)
            elseif MyLevel == 15 or MyLevel <= 29 then -- Gorilla
                Nonquest = false
                Ms = "Gorilla [Lv. 20]"
                NameQuest = "JungleQuest"
                LevelQuest = 2
                NameMon = "Gorilla"
                CFrameQuest = CFrame.new(-1598.08911, 35.5501175, 153.377838, 0, 0, 1, 0, 1, -0, -1, 0, 0)
                CFrameMon = CFrame.new(-1256.67676, 11.3350315, -604.959839, 0.641504288, 0, 0.767119467, -0, 1, -0, -0.767119467, 0, 0.641504288)
            elseif MyLevel == 30 or MyLevel <= 89 then -- Galley Captain
                Nonquest = true
                Ms = "Galley Captain [Lv. 650]"
                NameQuest = "FountainQuest"
                LevelQuest = 2
                NameMon = "Galley Captain"
                CFrameQuest = CFrame.new(5259.81982, 37.3500175, 4050.0293, 0.087131381, 0, 0.996196866, 0, 1, 0, -0.996196866, 0, 0.087131381)
                CFrameMon = CFrame.new(5782.90186, 94.5326462, 4716.78174, 0.361808896, -1.24757526e-06, -0.932252586, 2.16989656e-06, 1, -4.96097414e-07, 0.932252586, -1.84339774e-06, 0.361808896)
            elseif MyLevel == 90 or MyLevel <= 99 then -- Snow Bandits
                Nonquest = false
                Ms = "Snow Bandit [Lv. 90]"
                NameQuest = "SnowQuest"
                LevelQuest = 1
                NameMon = "Snow Bandits"
                CFrameQuest = CFrame.new(1389.74451, 86.6520844, -1298.90796, -0.342042685, 0, 0.939684391, 0, 1, 0, -0.939684391, 0, -0.342042685)
                CFrameMon = CFrame.new(1412.92346, 55.3503647, -1260.62036, -0.246266365, -0.0169920288, -0.969053388, 0.000432241941, 0.999844253, -0.0176417865, 0.969202161, -0.00476344163, -0.246220857)
            elseif MyLevel == 100 or MyLevel <= 119 then -- Snowman
                Nonquest = false
                Ms = "Snowman [Lv. 100]"
                NameQuest = "SnowQuest"
                LevelQuest = 2
                NameMon = "Snowman"
                CFrameQuest = CFrame.new(1389.74451, 86.6520844, -1298.90796, -0.342042685, 0, 0.939684391, 0, 1, 0, -0.939684391, 0, -0.342042685)
                CFrameMon = CFrame.new(1376.86401, 97.2779999, -1396.93115, -0.986755967, 7.71178321e-08, -0.162211925, 7.71531674e-08, 1, 6.08143536e-09, 0.162211925, -6.51427134e-09, -0.986755967)
            elseif MyLevel == 120 or MyLevel <= 149 then -- Chief Petty Officer
                Nonquest = false
                Ms = "Chief Petty Officer [Lv. 120]"
                NameQuest = "MarineQuest2"
                LevelQuest = 1
                NameMon = "Chief Petty Officer"
                CFrameQuest = CFrame.new(-5039.58643, 27.3500385, 4324.68018, 0, 0, -1, 0, 1, 0, 1, 0, 0)
                CFrameMon = CFrame.new(-4882.8623, 22.6520386, 4255.53516, 0.273695946, -5.40380647e-08, -0.96181643, 4.37720793e-08, 1, -4.37274998e-08, 0.96181643, -3.01326679e-08, 0.273695946)
            elseif MyLevel == 150 or MyLevel <= 174 then -- Sky Bandit
                Nonquest = false
                Ms = "Sky Bandit [Lv. 150]"
                NameQuest = "SkyQuest"
                LevelQuest = 1
                NameMon = "Sky Bandit"
                CFrameQuest = CFrame.new(-4839.53027, 716.368591, -2619.44165, 0.866007268, 0, 0.500031412, 0, 1, 0, -0.500031412, 0, 0.866007268)
                CFrameMon = CFrame.new(-4959.51367, 365.39267, -2974.56812, 0.964867651, 7.74418396e-08, 0.262737453, -6.95931988e-08, 1, -3.91783708e-08, -0.262737453, 1.95171506e-08, 0.964867651)
            elseif MyLevel == 175 or MyLevel <= 189 then -- Dark Master
                Nonquest = false
                Ms = "Dark Master [Lv. 175]"
                NameQuest = "SkyQuest"
                LevelQuest = 2
                NameMon = "Dark Master"
                CFrameQuest = CFrame.new(-4839.53027, 716.368591, -2619.44165, 0.866007268, 0, 0.500031412, 0, 1, 0, -0.500031412, 0, 0.866007268)
                CFrameMon = CFrame.new(-5079.98096, 376.477356, -2194.17139, 0.465965867, -3.69776352e-08, 0.884802461, 3.40249851e-09, 1, 4.00000886e-08, -0.884802461, -1.56281423e-08, 0.465965867)
            elseif MyLevel == 190 or MyLevel <= 209 then
                Nonquest = false
                Ms = "Prisoner [Lv. 190]"
                LevelQuest = 1
                NameQuest = "PrisonerQuest"
                NameMon = "Prisoner"
                CFrameQuest = CFrame.new(5308.93115, 1.65517521, 475.120514, -0.0894274712, -5.00292918e-09, -0.995993316, 1.60817859e-09, 1, -5.16744869e-09, 0.995993316, -2.06384709e-09, -0.0894274712)
                CFrameMon = CFrame.new(5433.39307, 88.678093, 514.986877, 0.879988372, 0, -0.474995494, 0, 1, 0, 0.474995494, 0, 0.879988372)
            elseif MyLevel == 210 or MyLevel <= 249 then
                Nonquest = false
                Ms = "Dangerous Prisoner [Lv. 210]"
                LevelQuest = 2
                NameQuest = "PrisonerQuest"
                NameMon = "Dangerous Prisoner"
                CFrameQuest = CFrame.new(5308.93115, 1.65517521, 475.120514, -0.0894274712, -5.00292918e-09, -0.995993316, 1.60817859e-09, 1, -5.16744869e-09, 0.995993316, -2.06384709e-09, -0.0894274712)
                CFrameMon = CFrame.new(5433.39307, 88.678093, 514.986877, 0.879988372, 0, -0.474995494, 0, 1, 0, 0.474995494, 0, 0.879988372)
            elseif MyLevel == 250 or MyLevel <= 274 then -- Toga Warrior
                Nonquest = false
                Ms = "Toga Warrior [Lv. 250]"
                NameQuest = "ColosseumQuest"
                LevelQuest = 1
                NameMon = "Toga Warrior"
                CFrameQuest = CFrame.new(-1576.11743, 7.38933945, -2983.30762, 0.576966345, 1.22114863e-09, 0.816767931, -3.58496594e-10, 1, -1.24185606e-09, -0.816767931, 4.2370063e-10, 0.576966345)
                CFrameMon = CFrame.new(-1779.97583, 44.6077499, -2736.35474, 0.984437346, 4.10396339e-08, 0.175734788, -3.62286876e-08, 1, -3.05844168e-08, -0.175734788, 2.3741821e-08, 0.984437346)
            elseif MyLevel == 275 or MyLevel <= 299 then -- Gladiato
                Nonquest = false
                Ms = "Gladiator [Lv. 275]"
                NameQuest = "ColosseumQuest"
                LevelQuest = 2
                NameMon = "Gladiato"
                CFrameQuest = CFrame.new(-1576.11743, 7.38933945, -2983.30762, 0.576966345, 1.22114863e-09, 0.816767931, -3.58496594e-10, 1, -1.24185606e-09, -0.816767931, 4.2370063e-10, 0.576966345)
                CFrameMon = CFrame.new(-1274.75903, 58.1895943, -3188.16309, 0.464524001, 6.21005611e-08, 0.885560572, -4.80449414e-09, 1, -6.76054768e-08, -0.885560572, 2.71497012e-08, 0.464524001)
            elseif MyLevel == 300 or MyLevel <= 329 then -- Military Soldier
                Nonquest = false
                Ms = "Military Soldier [Lv. 300]"
                NameQuest = "MagmaQuest"
                LevelQuest = 1
                NameMon = "Military Soldier"
                CFrameQuest = CFrame.new(-5316.55859, 12.2370615, 8517.2998, 0.588437557, -1.37880001e-08, -0.808542669, -2.10116209e-08, 1, -3.23446478e-08, 0.808542669, 3.60215964e-08, 0.588437557)
                CFrameMon = CFrame.new(-5363.01123, 41.5056877, 8548.47266, -0.578253984, -3.29503091e-10, 0.815856814, 9.11209668e-08, 1, 6.498761e-08, -0.815856814, 1.11920997e-07, -0.578253984)
            elseif MyLevel == 330 or MyLevel <= 374 then -- Military Spy
                Nonquest = false
                Ms = "Military Spy [Lv. 325]"
                NameQuest = "MagmaQuest"
                LevelQuest = 2
                NameMon = "Military Spy"
                CFrameQuest = CFrame.new(-5316.55859, 12.2370615, 8517.2998, 0.588437557, -1.37880001e-08, -0.808542669, -2.10116209e-08, 1, -3.23446478e-08, 0.808542669, 3.60215964e-08, 0.588437557)
                CFrameMon = CFrame.new(-5787.99023, 120.864456, 8762.25293, -0.188358366, -1.84706277e-08, 0.982100308, -1.23782129e-07, 1, -4.93306951e-09, -0.982100308, -1.22495649e-07, -0.188358366)
            elseif MyLevel == 375 or MyLevel <= 399 then -- Fishman Warrior
                Nonquest = false
                Ms = "Fishman Warrior [Lv. 375]"
                NameQuest = "FishmanQuest"
                LevelQuest = 1
                NameMon = "Fishman Warrior"
                CFrameQuest = CFrame.new(61122.5625, 18.4716396, 1568.16504, 0.893533468, 3.95251609e-09, 0.448996574, -2.34327455e-08, 1, 3.78297464e-08, -0.448996574, -4.43233645e-08, 0.893533468)
                CFrameMon = CFrame.new(60946.6094, 48.6735229, 1525.91687, -0.0817126185, 8.90751153e-08, 0.996655822, 2.00889794e-08, 1, -8.77269599e-08, -0.996655822, 1.28533992e-08, -0.0817126185)
            elseif MyLevel == 400 or MyLevel <= 449 then -- Fishman Commando
                Nonquest = false
                Ms = "Fishman Commando [Lv. 400]"
                NameQuest = "FishmanQuest"
                LevelQuest = 2
                NameMon = "Fishman Commando"
                CFrameQuest = CFrame.new(61122.5625, 18.4716396, 1568.16504)
                CFrameMon = CFrame.new(60946.6094, 48.6735229, 1525.916871)
            elseif MyLevel == 450 or MyLevel <= 474 then 
                Nonquest = false
                Ms = "God's Guard [Lv. 450]"
                NameQuest = "SkyExp1Quest"
                LevelQuest = 1
                NameMon = "God's Guards"
                CFrameQuest = CFrame.new(-4721.71436, 845.277161, -1954.20105)
                CFrameMon = CFrame.new(-4716.95703, 853.089722, -1933.925427)
            elseif MyLevel == 475 or MyLevel <= 524 then 
                Nonquest = false
                Ms = "Shanda [Lv. 475]"
                NameQuest = "SkyExp1Quest"
                LevelQuest = 2
                NameMon = "Shandas"
                CFrameQuest = CFrame.new(-7859.09814, 5544.19043, -381.476196, -0.422592998, 0, 0.906319618, 0, 1, 0, -0.906319618, 0, -0.422592998)
                CFrameMon = CFrame.new(-7904.57373, 5584.37646, -459.62973, 0.65171206, 5.11171692e-08, 0.758466363, -4.76232476e-09, 1, -6.33034247e-08, -0.758466363, 3.76435416e-08, 0.65171206)
            elseif MyLevel == 525 or MyLevel <= 549 then -- Royal Squad
                Nonquest = false
                Ms = "Royal Squad [Lv. 525]"
                NameQuest = "SkyExp2Quest"
                LevelQuest = 1
                NameMon = "Royal Squad"
                CFrameQuest = CFrame.new(-7906.81592, 5634.6626, -1411.99194, 0, 0, -1, 0, 1, 0, 1, 0, 0)
                CFrameMon = CFrame.new(-7555.04199, 5606.90479, -1303.24744, -0.896107852, -9.6057462e-10, -0.443836004, -4.24974544e-09, 1, 6.41599973e-09, 0.443836004, 7.63560326e-09, -0.896107852)
            elseif MyLevel == 550 or MyLevel <= 624 then -- Royal Soldier
                Nonquest = false
                Ms = "Royal Soldier [Lv. 550]"
                NameQuest = "SkyExp2Quest"
                LevelQuest = 2
                NameMon = "Royal Soldier"
                CFrameQuest = CFrame.new(-7906.81592, 5634.6626, -1411.99194, 0, 0, -1, 0, 1, 0, 1, 0, 0)
                CFrameMon = CFrame.new(-7837.31152, 5649.65186, -1791.08582, -0.716008604, 0.0104285581, -0.698013008, 5.02521061e-06, 0.99988848, 0.0149335321, 0.69809103, 0.0106890313, -0.715928733)
            elseif MyLevel == 625 or MyLevel <= 649 then -- Galley Pirate
                Nonquest = false
                Ms = "Galley Pirate [Lv. 625]"
                NameQuest = "FountainQuest"
                LevelQuest = 1
                NameMon = "Galley Pirate"
                CFrameQuest = CFrame.new(5259.81982, 37.3500175, 4050.0293, 0.087131381, 0, 0.996196866, 0, 1, 0, -0.996196866, 0, 0.087131381)
                CFrameMon = CFrame.new(5569.80518, 38.5269432, 3849.01196, 0.896460414, 3.98027495e-08, 0.443124533, -1.34262139e-08, 1, -6.26611296e-08, -0.443124533, 5.02237434e-08, 0.896460414)
            elseif MyLevel >= 650 then -- Galley Captain
                Nonquest = false
                Ms = "Galley Captain [Lv. 650]"
                NameQuest = "FountainQuest"
                LevelQuest = 2
                NameMon = "Galley Captain"
                CFrameQuest = CFrame.new(5259.81982, 37.3500175, 4050.0293, 0.087131381, 0, 0.996196866, 0, 1, 0, -0.996196866, 0, 0.087131381)
                CFrameMon = CFrame.new(5782.90186, 94.5326462, 4716.78174, 0.361808896, -1.24757526e-06, -0.932252586, 2.16989656e-06, 1, -4.96097414e-07, 0.932252586, -1.84339774e-06, 0.361808896)
            end
        end
        if NewWorld then
            Nonquest = false
            if MyLevel == 700 or MyLevel <= 724 then -- Raider [Lv. 700]
                Ms = "Raider [Lv. 700]"
                NameQuest = "Area1Quest"
                LevelQuest = 1
                NameMon = "Raider"
                CFrameQuest = CFrame.new(-429.543518, 71.7699966, 1836.18188, -0.22495985, 0, -0.974368095, 0, 1, 0, 0.974368095, 0, -0.22495985)
                CFrameMon = CFrame.new(-737.026123, 10.1748352, 2392.57959, 0.272128761, 0, -0.962260842, -0, 1, -0, 0.962260842, 0, 0.272128761)
            elseif MyLevel == 725 or MyLevel <= 774 then -- Mercenary [Lv. 725]
                Ms = "Mercenary [Lv. 725]"
                NameQuest = "Area1Quest"
                LevelQuest = 2
                NameMon = "Mercenary"
                CFrameQuest = CFrame.new(-429.543518, 71.7699966, 1836.18188, -0.22495985, 0, -0.974368095, 0, 1, 0, 0.974368095, 0, -0.22495985)
                CFrameMon = CFrame.new(-1022.21271, 72.9855194, 1891.39148, -0.990782857, 0, -0.135460541, 0, 1, 0, 0.135460541, 0, -0.990782857)
            elseif MyLevel == 775 or MyLevel <= 799 then -- Swan Pirate [Lv. 775]
                Ms = "Swan Pirate [Lv. 775]"
                NameQuest = "Area2Quest"
                LevelQuest = 1
                NameMon = "Swan Pirate"
                CFrameQuest = CFrame.new(638.43811, 71.769989, 918.282898, 0.139203906, 0, 0.99026376, 0, 1, 0, -0.99026376, 0, 0.139203906)
                CFrameMon = CFrame.new(976.467651, 111.174057, 1229.1084, 0.00852567982, -4.73897828e-08, -0.999963999, 1.12251888e-08, 1, -4.7295778e-08, 0.999963999, -1.08215579e-08, 0.00852567982)
            elseif MyLevel == 800 or MyLevel <= 874 then -- Factory Staff [Lv. 800]
                Ms = "Factory Staff [Lv. 800]"
                NameQuest = "Area2Quest"
                LevelQuest = 2
                NameMon = "Factory Staff"
                CFrameQuest = CFrame.new(638.43811, 71.769989, 918.282898, 0.139203906, 0, 0.99026376, 0, 1, 0, -0.99026376, 0, 0.139203906)
                CFrameMon = CFrame.new(336.74585, 73.1620483, -224.129272, 0.993632793, 3.40154607e-08, 0.112668738, -3.87658332e-08, 1, 3.99718729e-08, -0.112668738, -4.40850592e-08, 0.993632793)
            elseif MyLevel == 875 or MyLevel <= 899 then -- Marine Lieutenant [Lv. 875]
                Ms = "Marine Lieutenant [Lv. 875]"
                NameQuest = "MarineQuest3"
                LevelQuest = 1
                NameMon = "Marine Lieutenant"
                CFrameQuest = CFrame.new(-2440.79639, 71.7140732, -3216.06812, 0.866007268, 0, 0.500031412, 0, 1, 0, -0.500031412, 0, 0.866007268)
                CFrameMon = CFrame.new(-2842.69922, 72.9919434, -2901.90479, -0.762281299, 0, -0.64724648, 0, 1.00000012, 0, 0.64724648, 0, -0.762281299)
            elseif MyLevel == 900 or MyLevel <= 949 then -- Marine Captain [Lv. 900]
                Ms = "Marine Captain [Lv. 900]"
                NameQuest = "MarineQuest3"
                LevelQuest = 2
                NameMon = "Marine Captain"
                CFrameQuest = CFrame.new(-2440.79639, 71.7140732, -3216.06812, 0.866007268, 0, 0.500031412, 0, 1, 0, -0.500031412, 0, 0.866007268)
                CFrameMon = CFrame.new(-1814.70313, 72.9919434, -3208.86621, -0.900422215, 7.93464423e-08, -0.435017526, 3.68856199e-08, 1, 1.06050372e-07, 0.435017526, 7.94441988e-08, -0.900422215)
            elseif MyLevel == 950 or MyLevel <= 974 then -- Zombie [Lv. 950]
                Ms = "Zombie [Lv. 950]"
                NameQuest = "ZombieQuest"
                LevelQuest = 1
                NameMon = "Zombie"
                CFrameQuest = CFrame.new(-5497.06152, 47.5923004, -795.237061, -0.29242146, 0, -0.95628953, 0, 1, 0, 0.95628953, 0, -0.29242146)
                CFrameMon = CFrame.new(-5649.23438, 126.0578, -737.773743, 0.355238914, -8.10359282e-08, 0.934775114, 1.65461245e-08, 1, 8.04023372e-08, -0.934775114, -1.3095117e-08, 0.355238914)
            elseif MyLevel == 975 or MyLevel <= 999 then -- Vampire [Lv. 975]
                Ms = "Vampire [Lv. 975]"
                NameQuest = "ZombieQuest"
                LevelQuest = 2
                NameMon = "Vampire"
                CFrameQuest = CFrame.new(-5497.06152, 47.5923004, -795.237061, -0.29242146, 0, -0.95628953, 0, 1, 0, 0.95628953, 0, -0.29242146)
                CFrameMon = CFrame.new(-6030.32031, 0.4377408, -1313.5564, -0.856965423, 3.9138893e-08, -0.515373945, -1.12178942e-08, 1, 9.45958547e-08, 0.515373945, 8.68467822e-08, -0.856965423)
            elseif MyLevel == 1000 or MyLevel <= 1049 then -- Snow Trooper [Lv. 1000] **
                Ms = "Snow Trooper [Lv. 1000]"
                NameQuest = "SnowMountainQuest"
                LevelQuest = 1
                NameMon = "Snow Trooper"
                CFrameQuest = CFrame.new(609.858826, 400.119904, -5372.25928, -0.374604106, 0, 0.92718488, 0, 1, 0, -0.92718488, 0, -0.374604106)
                CFrameMon = CFrame.new(621.003418, 391.361053, -5335.43604, 0.481644779, 0, 0.876366913, 0, 1, 0, -0.876366913, 0, 0.481644779)
            elseif MyLevel == 1050 or MyLevel <= 1099 then -- Winter Warrior [Lv. 1050]
                Ms = "Winter Warrior [Lv. 1050]"
                NameQuest = "SnowMountainQuest"
                LevelQuest = 2
                NameMon = "Winter Warrior"
                CFrameQuest = CFrame.new(609.858826, 400.119904, -5372.25928, -0.374604106, 0, 0.92718488, 0, 1, 0, -0.92718488, 0, -0.374604106)
                CFrameMon = CFrame.new(1295.62683, 429.447784, -5087.04492, -0.698032081, -8.28980049e-08, -0.71606636, -1.98835952e-08, 1, -9.63858184e-08, 0.71606636, -5.30424877e-08, -0.698032081)
            elseif MyLevel == 1100 or MyLevel <= 1124 then -- Lab Subordinate [Lv. 1100]
                Ms = "Lab Subordinate [Lv. 1100]"
                NameQuest = "IceSideQuest"
                LevelQuest = 1
                NameMon = "Lab Subordinate"
                CFrameQuest = CFrame.new(-6064.06885, 15.2422857, -4902.97852, 0.453972578, -0, -0.891015649, 0, 1, -0, 0.891015649, 0, 0.453972578)
                CFrameMon = CFrame.new(-5769.2041, 37.9288292, -4468.38721, -0.569419742, -2.49055017e-08, 0.822046936, -6.96206541e-08, 1, -1.79282633e-08, -0.822046936, -6.74401548e-08, -0.569419742)
            elseif MyLevel == 1125 or MyLevel <= 1174 then -- Horned Warrior [Lv. 1125]
                Ms = "Horned Warrior [Lv. 1125]"
                NameQuest = "IceSideQuest"
                LevelQuest = 2
                NameMon = "Horned Warrior"
                CFrameQuest = CFrame.new(-6064.06885, 15.2422857, -4902.97852, 0.453972578, -0, -0.891015649, 0, 1, -0, 0.891015649, 0, 0.453972578)
                CFrameMon = CFrame.new(-6401.27979, 15.9775667, -5948.24316, 0.388303697, 0, -0.921531856, 0, 1, 0, 0.921531856, 0, 0.388303697)
            elseif MyLevel == 1175 or MyLevel <= 1199 then -- Magma Ninja [Lv. 1175]
                Ms = "Magma Ninja [Lv. 1175]"
                NameQuest = "FireSideQuest"
                LevelQuest = 1
                NameMon = "Magma Ninja"
                CFrameQuest = CFrame.new(-5428.03174, 15.0622921, -5299.43457, -0.882952213, 0, 0.469463557, 0, 1, 0, -0.469463557, 0, -0.882952213)
                CFrameMon = CFrame.new(-5466.06445, 57.6952019, -5837.42822, -0.988835871, 0, -0.149006829, 0, 1, 0, 0.149006829, 0, -0.988835871)
            elseif MyLevel == 1200 or MyLevel <= 1249 then 
                Ms = "Lava Pirate [Lv. 1200]"
                NameQuest = "FireSideQuest"
                LevelQuest = 2
                NameMon = "Lava Pirate"
                CFrameQuest = CFrame.new(-5431.09473, 15.9868021, -5296.53223, 0.831796765, 1.15322464e-07, -0.555080295, -1.10814341e-07, 1, 4.17010995e-08, 0.555080295, 2.68240168e-08, 0.831796765)
                CFrameMon = CFrame.new(-5169.71729, 34.1234779, -4669.73633, -0.196780294, 0, 0.98044765, 0, 1.00000012, -0, -0.98044765, 0, -0.196780294)
            elseif MyLevel == 1250 or MyLevel <= 1274 then 
                Ms = "Ship Deckhand [Lv. 1250]"
                NameQuest = "ShipQuest1"
                LevelQuest = 1
                NameMon = "Ship Deckhand"
                CFrameQuest = CFrame.new(1037.80127, 125.092171, 32911.6016, -0.244533166, -0, -0.969640911, -0, 1.00000012, -0, 0.96964103, 0, -0.244533136)
                CFrameMon = CFrame.new(1163.80872, 138.288452, 33058.4258, -0.998580813, 5.49076979e-08, -0.0532564968, 5.57436763e-08, 1, -1.42118655e-08, 0.0532564968, -1.71604082e-08, -0.998580813)
            elseif MyLevel == 1275 or MyLevel <= 1299 then 
                Ms = "Ship Engineer [Lv. 1275]"
                NameQuest = "ShipQuest1"
                LevelQuest = 2
                NameMon = "Ship Engineer"
                CFrameQuest = CFrame.new(1037.80127, 125.092171, 32911.6016, -0.244533166, -0, -0.969640911, -0, 1.00000012, -0, 0.96964103, 0, -0.244533136)
                CFrameMon = CFrame.new(921.30249023438, 125.400390625, 32937.34375)
            elseif MyLevel == 1300 or MyLevel <= 1324 then 
                Ms = "Ship Steward [Lv. 1300]"
                NameQuest = "ShipQuest2"
                LevelQuest = 1
                NameMon = "Ship Steward"
                CFrameQuest = CFrame.new(968.80957, 125.092171, 33244.125, -0.869560242, 1.51905191e-08, -0.493826836, 1.44108379e-08, 1, 5.38534195e-09, 0.493826836, -2.43357912e-09, -0.869560242)
                CFrameMon = CFrame.new(917.96057128906, 136.89932250977, 33343.4140625)
            elseif MyLevel == 1325 or MyLevel <= 1349 then 
                Ms = "Ship Officer [Lv. 1325]"
                NameQuest = "ShipQuest2"
                LevelQuest = 2
                NameMon = "Ship Officer"
                CFrameQuest = CFrame.new(968.80957, 125.092171, 33244.125, -0.869560242, 1.51905191e-08, -0.493826836, 1.44108379e-08, 1, 5.38534195e-09, 0.493826836, -2.43357912e-09, -0.869560242)
                CFrameMon = CFrame.new(944.44964599609, 181.40081787109, 33278.9453125)
            elseif MyLevel == 1350 or MyLevel <= 1374 then 
                Ms = "Arctic Warrior [Lv. 1350]"
                NameQuest = "FrostQuest"
                LevelQuest = 1
                NameMon = "Arctic Warrior"
                CFrameQuest = CFrame.new(5667.6582, 26.7997818, -6486.08984, -0.933587909, 0, -0.358349502, 0, 1, 0, 0.358349502, 0, -0.933587909)
                CFrameMon = CFrame.new(5878.23486, 81.3886948, -6136.35596, -0.451037169, 2.3908234e-07, 0.892505825, -1.08168464e-07, 1, -3.22542007e-07, -0.892505825, -2.4201924e-07, -0.451037169)
            elseif MyLevel == 1375 or MyLevel <= 1424 then -- Snow Lurker [Lv. 1375]
                Ms = "Snow Lurker [Lv. 1375]"
                NameQuest = "FrostQuest"
                LevelQuest = 2
                NameMon = "Snow Lurker"
                CFrameQuest = CFrame.new(5667.6582, 26.7997818, -6486.08984, -0.933587909, 0, -0.358349502, 0, 1, 0, 0.358349502, 0, -0.933587909)
                CFrameMon = CFrame.new(5513.36865, 60.546711, -6809.94971, -0.958693981, -1.65617333e-08, 0.284439981, -4.07668654e-09, 1, 4.44854642e-08, -0.284439981, 4.14883701e-08, -0.958693981)
            elseif MyLevel == 1425 or MyLevel <= 1449 then -- Sea Soldier [Lv. 1425]
                Ms = "Sea Soldier [Lv. 1425]"
                NameQuest = "ForgottenQuest"
                LevelQuest = 1
                NameMon = "Sea Soldier"
                CFrameQuest = CFrame.new(-3054.44458, 235.544281, -10142.8193, 0.990270376, -0, -0.13915664, 0, 1, -0, 0.13915664, 0, 0.990270376)
                CFrameMon = CFrame.new(-3115.78223, 63.8785706, -9808.38574, -0.913427353, 3.11199457e-08, 0.407000452, 7.79564235e-09, 1, -5.89660658e-08, -0.407000452, -5.06883708e-08, -0.913427353)
            elseif MyLevel >= 1450 then -- Water Fighter [Lv. 1450]
                Ms = "Water Fighter [Lv. 1450]"
                NameQuest = "ForgottenQuest"
                LevelQuest = 2
                NameMon = "Water Fighter"
                CFrameQuest = CFrame.new(-3054.44458, 235.544281, -10142.8193, 0.990270376, -0, -0.13915664, 0, 1, -0, 0.13915664, 0, 0.990270376)
                CFrameMon = CFrame.new(-3212.99683, 263.809296, -10551.8799, 0.742111444, -5.59139615e-08, -0.670276582, 1.69155214e-08, 1, -6.46908234e-08, 0.670276582, 3.66697037e-08, 0.742111444)
            end
        end
        if ThreeWorld then
            if MyLevel >= 1500 and MyLevel <= 1524 then -- Pirate Millionaire [Lv. 1500]
                Ms = "Pirate Millionaire [Lv. 1500]"
                NameQuest = "PiratePortQuest"
                LevelQuest = 1
                NameMon = "Pirate Millionaire"
                CFrameQuest = CFrame.new(-290.074677, 42.9034653, 5581.58984, 0.965929627, -0, -0.258804798, 0, 1, -0, 0.258804798, 0, 0.965929627)
                CFrameMon = CFrame.new(81.164993286133, 43.755737304688, 5724.7021484375)
            elseif MyLevel >= 1525 and MyLevel <= 1574 then -- Pistol Billionaire [Lv. 1525]
                Ms = "Pistol Billionaire [Lv. 1525]"
                NameQuest = "PiratePortQuest"
                LevelQuest = 2
                NameMon = "Pistol Billionaire"
                CFrameQuest = CFrame.new(-290.074677, 42.9034653, 5581.58984, 0.965929627, -0, -0.258804798, 0, 1, -0, 0.258804798, 0, 0.965929627)
                CFrameMon = CFrame.new(81.164993286133, 43.755737304688, 5724.7021484375)
            elseif MyLevel >= 1575 and MyLevel <= 1599 then -- Dragon Crew Warrior [Lv. 1575]
                Ms = "Dragon Crew Warrior [Lv. 1575]"
                NameQuest = "AmazonQuest"
                LevelQuest = 1
                NameMon = "Dragon Crew Warrior"
                CFrameQuest = CFrame.new(5832.83594, 51.6806107, -1101.51563, 0.898790359, -0, -0.438378751, 0, 1, -0, 0.438378751, 0, 0.898790359)
                CFrameMon = CFrame.new(6241.9951171875, 51.522083282471, -1243.9771728516)
            elseif MyLevel >= 1600 and MyLevel <= 1624 then -- Dragon Crew Archer [Lv. 1600]
                Ms = "Dragon Crew Archer [Lv. 1600]"
                NameQuest = "AmazonQuest"
                LevelQuest = 2
                NameMon = "Dragon Crew Archer"
                CFrameQuest = CFrame.new(5832.83594, 51.6806107, -1101.51563, 0.898790359, -0, -0.438378751, 0, 1, -0, 0.438378751, 0, 0.898790359)
                CFrameMon = CFrame.new(6488.9155273438, 383.38375854492, -110.66246032715)
            elseif MyLevel >= 1625 and MyLevel <= 1649 then -- Female Islander [Lv. 1625]
                Ms = "Female Islander [Lv. 1625]"
                NameQuest = "AmazonQuest2"
                LevelQuest = 1
                NameMon = "Female Islander"
                CFrameQuest = CFrame.new(5448.86133, 601.516174, 751.130676, 0, 0, 1, 0, 1, -0, -1, 0, 0)
                CFrameMon = CFrame.new(4770.4990234375, 758.95520019531, 1069.8680419922)
            elseif MyLevel >= 1650 and MyLevel <= 1699 then -- Giant Islander [Lv. 1650]
                Ms = "Giant Islander [Lv. 1650]"
                NameQuest = "AmazonQuest2"
                LevelQuest = 2
                NameMon = "Giant Islander"
                CFrameQuest = CFrame.new(5448.86133, 601.516174, 751.130676, 0, 0, 1, 0, 1, -0, -1, 0, 0)
                CFrameMon = CFrame.new(4530.3540039063, 656.75695800781, -131.60952758789)
            elseif MyLevel >= 1700 and MyLevel <= 1724 then -- Marine Commodore [Lv. 1700]
                Ms = "Marine Commodore [Lv. 1700]"
                NameQuest = "MarineTreeIsland"
                LevelQuest = 1
                NameMon = "Marine Commodore"
                CFrameQuest = CFrame.new(2180.54126, 27.8156815, -6741.5498, -0.965929747, 0, 0.258804798, 0, 1, 0, -0.258804798, 0, -0.965929747)
                CFrameMon = CFrame.new(2490.0844726563, 190.4232635498, -7160.0502929688)
            elseif MyLevel >= 1725 and MyLevel <= 1774 then -- Marine Rear Admiral [Lv. 1725]
                Ms = "Marine Rear Admiral [Lv. 1725]"
                NameQuest = "MarineTreeIsland"
                LevelQuest = 2
                NameMon = "Marine Rear Admiral"
                CFrameQuest = CFrame.new(2180.54126, 27.8156815, -6741.5498, -0.965929747, 0, 0.258804798, 0, 1, 0, -0.258804798, 0, -0.965929747)
                CFrameMon = CFrame.new(3951.3903808594, 229.11549377441, -6912.81640625)
            elseif MyLevel >= 1775 and MyLevel <= 1799 then -- Fishman Raider [Lv. 1775]
                Ms = "Fishman Raider [Lv. 1775]"
                NameQuest = "DeepForestIsland3"
                LevelQuest = 1
                NameMon = "Fishman Raider"
                CFrameQuest = CFrame.new(-10581.6563, 330.872955, -8761.18652, -0.882952213, 0, 0.469463557, 0, 1, 0, -0.469463557, 0, -0.882952213)
                CFrameMon = CFrame.new(-10322.400390625, 390.94473266602, -8580.0908203125)
            elseif MyLevel >= 1800 and MyLevel <= 1824 then -- Fishman Captain [Lv. 1800]
                Ms = "Fishman Captain [Lv. 1800]"
                NameQuest = "DeepForestIsland3"
                LevelQuest = 2
                NameMon = "Fishman Captain"
                CFrameQuest = CFrame.new(-10581.6563, 330.872955, -8761.18652, -0.882952213, 0, 0.469463557, 0, 1, 0, -0.469463557, 0, -0.882952213)
                CFrameMon = CFrame.new(-11194.541992188, 442.02795410156, -8608.806640625)
            elseif MyLevel >= 1825 and MyLevel <= 1849 then -- Forest Pirate [Lv. 1825]
                Ms = "Forest Pirate [Lv. 1825]"
                NameQuest = "DeepForestIsland"
                LevelQuest = 1
                NameMon = "Forest Pirate"
                CFrameQuest = CFrame.new(-13234.04, 331.488495, -7625.40137, 0.707134247, -0, -0.707079291, 0, 1, -0, 0.707079291, 0, 0.707134247)
                CFrameMon = CFrame.new(-13225.809570313, 428.19387817383, -7753.1245117188)
            elseif MyLevel >= 1850 and MyLevel <= 1899 then -- Mythological Pirate [Lv. 1850]
                Ms = "Mythological Pirate [Lv. 1850]"
                NameQuest = "DeepForestIsland"
                LevelQuest = 2
                NameMon = "Mythological Pirate"
                CFrameQuest = CFrame.new(-13234.04, 331.488495, -7625.40137, 0.707134247, -0, -0.707079291, 0, 1, -0, 0.707079291, 0, 0.707134247)
                CFrameMon = CFrame.new(-13869.172851563, 564.95251464844, -7084.4135742188)
            elseif MyLevel >= 1900 and MyLevel <= 1924 then -- Jungle Pirate [Lv. 1900]
                Ms = "Jungle Pirate [Lv. 1900]"
                NameQuest = "DeepForestIsland2"
                LevelQuest = 1
                NameMon = "Jungle Pirate"
                CFrameQuest = CFrame.new(-12680.3818, 389.971039, -9902.01953, -0.0871315002, 0, 0.996196866, 0, 1, 0, -0.996196866, 0, -0.0871315002)
                CFrameMon = CFrame.new(-11982.221679688, 376.32522583008, -10451.415039063)
            elseif MyLevel >= 1925 and MyLevel <= 1974 then -- Musketeer Pirate [Lv. 1925]
                Ms = "Musketeer Pirate [Lv. 1925]"
                NameQuest = "DeepForestIsland2"
                LevelQuest = 2
                NameMon = "Musketeer Pirate"
                CFrameQuest = CFrame.new(-12680.3818, 389.971039, -9902.01953, -0.0871315002, 0, 0.996196866, 0, 1, 0, -0.996196866, 0, -0.0871315002)
                CFrameMon = CFrame.new(-13282.3046875, 496.23684692383, -9565.150390625)
            elseif MyLevel >= 1975 and MyLevel <= 1999 then
                Ms = "Reborn Skeleton [Lv. 1975]"
                NameQuest = "HauntedQuest1"
                LevelQuest = 1
                NameMon = "Reborn Skeleton"
                CFrameQuest = CFrame.new(-9480.8271484375, 142.13066101074, 5566.0712890625)
                CFrameMon = CFrame.new(-8817.880859375, 191.16761779785, 6298.6557617188)
            elseif MyLevel >= 2000 and MyLevel <= 2024 then
                Ms = "Living Zombie [Lv. 2000]"
                NameQuest = "HauntedQuest1"
                LevelQuest = 2
                NameMon = "Living Zombie"
                CFrameQuest = CFrame.new(-9480.8271484375, 142.13066101074, 5566.0712890625)
                CFrameMon = CFrame.new(-10125.234375, 183.94705200195, 6242.013671875)
            elseif MyLevel >= 2025 and MyLevel <= 2049  then
                Ms = "Demonic Soul [Lv. 2025]"
                NameQuest = "HauntedQuest2"
                LevelQuest = 1
                NameMon = "Demonic Soul"
                CFrameQuest = CFrame.new(-9516.9931640625, 178.00651550293, 6078.4653320313)
                CFrameMon = CFrame.new(-9712.03125, 204.69589233398, 6193.322265625)
            elseif MyLevel >= 2050 and MyLevel <= 2074 then
                Ms = "Posessed Mummy [Lv. 2050]"
                NameQuest = "HauntedQuest2"
                LevelQuest = 2
                NameMon = "Posessed Mummy"
                CFrameQuest = CFrame.new(-9516.9931640625, 178.00651550293, 6078.4653320313)
                CFrameMon = CFrame.new(-9545.7763671875, 69.619895935059, 6339.5615234375)    
            elseif MyLevel >= 2075 and MyLevel <= 2099 then
                Ms = "Peanut Scout [Lv. 2075]"
                NameQuest = "NutsIslandQuest"
                LevelQuest = 1
                NameMon = "Peanut Scout"
                CFrameQuest = CFrame.new(-2104.17163, 38.1299706, -10194.418, 0.758814394, -1.38604395e-09, 0.651306927, 2.85280208e-08, 1, -3.1108879e-08, -0.651306927, 4.21863646e-08, 0.758814394)
                CFrameMon = CFrame.new(-2098.07544, 192.611862, -10248.8867, 0.983392298, -9.57031787e-08, 0.181492642, 8.7276355e-08, 1, 5.44169616e-08, -0.181492642, -3.76732068e-08, 0.983392298)
            elseif MyLevel >= 2100 and MyLevel <= 2124 then
                Ms = "Peanut President [Lv. 2100]"
                NameQuest = "NutsIslandQuest"
                LevelQuest = 2
                NameMon = "Peanut President"
                CFrameQuest = CFrame.new(-2104.17163, 38.1299706, -10194.418, 0.758814394, -1.38604395e-09, 0.651306927, 2.85280208e-08, 1, -3.1108879e-08, -0.651306927, 4.21863646e-08, 0.758814394)
